[0, 1, 7, 0, 0, 0, 8, 9, 0]
[0, 5, 3, 0, 8, 0, 0, 0, 1]
[8, 0, 0, 0, 0, 0, 0, 3, 0]
[0, 0, 5, 4, 9, 0, 1, 8, 3]
[0, 0, 0, 5, 0, 8, 0, 0, 0]
[4, 0, 8, 0, 1, 3, 0, 0, 0]
[0, 0, 0, 0, 0, 0, 0, 1, 8]
[5, 8, 0, 0, 7, 0, 2, 6, 9]
[0, 6, 0, 8, 0, 0, 3, 4, 0]

The program found 8 numbers.
\\\\\\\\\\\\\\\
\\\\\\\\\\\\\\\\\\\\\\\\\\\\\\
[2, 1, 7, 6, 3, 5, 8, 9, 4]
[9, 5, 3, 7, 8, 4, 6, 2, 1]
[8, 4, 6, 1, 2, 9, 7, 3, 5]
[6, 2, 5, 4, 9, 7, 1, 8, 3]
[3, 9, 1, 5, 6, 8, 4, 7, 2]
[4, 7, 8, 2, 1, 3, 9, 5, 6]
[7, 3, 2, 9, 4, 6, 5, 1, 8]
[5, 8, 4, 3, 7, 1, 2, 6, 9]
[1, 6, 9, 8, 5, 2, 3, 4, 7]

This is the result
\\\\\\\\\\\\\\\\\\\\\\\\\\\\\\
[0, 1, 7, 0, 0, 0, 8, 9, 0]
[0, 5, 3, 0, 8, 0, 0, 0, 1]
[8, 0, 0, 0, 0, 0, 0, 3, 0]
[0, 0, 5, 4, 9, 0, 1, 8, 3]
[0, 0, 0, 5, 0, 8, 0, 0, 0]
[4, 0, 8, 0, 1, 3, 0, 0, 0]
[0, 0, 0, 0, 0, 0, 0, 1, 8]
[5, 8, 0, 0, 7, 0, 2, 6, 9]
[0, 6, 0, 8, 0, 0, 3, 4, 0]

The program found 8 numbers.
\\\\\\\\\\\\\\\
\\\\\\\\\\\\\\\\\\\\\\\\\\\\\\
[2, 1, 7, 6, 3, 5, 8, 9, 4]
[9, 5, 3, 7, 8, 4, 6, 2, 1]
[8, 4, 6, 1, 2, 9, 7, 3, 5]
[6, 2, 5, 4, 9, 7, 1, 8, 3]
[3, 9, 1, 5, 6, 8, 4, 7, 2]
[4, 7, 8, 2, 1, 3, 9, 5, 6]
[7, 3, 2, 9, 4, 6, 5, 1, 8]
[5, 8, 4, 3, 7, 1, 2, 6, 9]
[1, 6, 9, 8, 5, 2, 3, 4, 7]

This is the result
\\\\\\\\\\\\\\\\\\\\\\\\\\\\\\
